0000000000000000
0000000000000000
0000000000000000
0000000000000000
0000000000000000
0000000000000000
0000000000000000
0001110000200000
0000000000000000
0000000000000000
0000000000000000
0000000000000000
0000000000000000
0000000000000000
===
0000000000000000
0000000000000000
0000000000000000
0000000000000000
0000000000000000
0000000000000000
0000000000000000
0000111000200000
0000000000000000
0000000000000000
0000000000000000
0000000000000000
0000000000000000
0000000000000000
===
0000000000000000
0000000000000000
0000000000000000
0000000000000000
0000000000000000
0000000000000000
0000000000000000
0000011100200000
0000000000000000
0000000000000000
0000000000000000
0000000000000000
0000000000000000
0000000000000000
===
0000000000000000
0000000000000000
0000000000000000
0000000000000000
0000000000000000
0000000000000000
0000000000000000
0000001110200000
0000000000000000
0000000000000000
0000000000000000
0000000000000000
0000000000000000
0000000000000000
===
0000000000000000
0000000000000000
0000000000000000
0000000000000000
0000000000000000
0000000000000000
0000000000000000
0000000111200000
0000000000000000
0000000000000000
0000000000000000
0000000000000000
0000000000000000
0000000000000000
===
0000000000000000
0000000000000000
0000000020000000
0000000000000000
0000000000000000
0000000000000000
0000000000000000
0000000111100000
0000000000000000
0000000000000000
0000000000000000
0000000000000000
0000000000000000
0000000000000000
===
0000000000000000
0000000000000000
0000000020000000
0000000000000000
0000000000000000
0000000000000000
0000000000100000
0000000011100000
0000000000000000
0000000000000000
0000000000000000
0000000000000000
0000000000000000
0000000000000000
===
0000000000000000
0000000000000000
0000000020000000
0000000000000000
0000000000000000
0000000000100000
0000000000100000
0000000001100000
0000000000000000
0000000000000000
0000000000000000
0000000000000000
0000000000000000
0000000000000000
===
0000000000000000
0000000000000000
0000000020000000
0000000000000000
0000000000100000
0000000000100000
0000000000100000
0000000000100000
0000000000000000
0000000000000000
0000000000000000
0000000000000000
0000000000000000
0000000000000000
===
0000000000000000
0000000000000000
0000000020000000
0000000000100000
0000000000100000
0000000000100000
0000000000100000
0000000000000000
0000000000000000
0000000000000000
0000000000000000
0000000000000000
0000000000000000
0000000000000000
===
0000000000000000
0000000000000000
0000000020000000
0000000001100000
0000000000100000
0000000000100000
0000000000000000
0000000000000000
0000000000000000
0000000000000000
0000000000000000
0000000000000000
0000000000000000
0000000000000000
===
0000000000000000
0000000000000000
0000000021000000
0000000001100000
0000000000100000
0000000000000000
0000000000000000
0000000000000000
0000000000000000
0000000000000000
0000000000000000
0000000000000000
0000000000000000
0000000000000000
===
0000000000000000
0000000000000000
0000000011000000
0000000001100000
0000000000000000
0000000000000000
0000000000000000
0000000000000000
0000000000000000
0000000000000000
0000000000200000
0000000000000000
0000000000000000
0000000000000000
===
0000000000000000
0000000010000000
0000000011000000
0000000001100000
0000000000000000
0000000000000000
0000000000000000
0000000000000000
0000000000000000
0000000000000000
0000000000200000
0000000000000000
0000000000000000
0000000000000000
===
0000000000000000
0000000110000000
0000000011000000
0000000001000000
0000000000000000
0000000000000000
0000000000000000
0000000000000000
0000000000000000
0000000000000000
0000000000200000
0000000000000000
0000000000000000
0000000000000000
===
0000000000000000
0000000110000000
0000000111000000
0000000000000000
0000000000000000
0000000000000000
0000000000000000
0000000000000000
0000000000000000
0000000000000000
0000000000200000
0000000000000000
0000000000000000
0000000000000000
===
0000000000000000
0000000110000000
0000000110000000
0000000100000000
0000000000000000
0000000000000000
0000000000000000
0000000000000000
0000000000000000
0000000000000000
0000000000200000
0000000000000000
0000000000000000
0000000000000000
===
0000000000000000
0000000110000000
0000000100000000
0000000100000000
0000000100000000
0000000000000000
0000000000000000
0000000000000000
0000000000000000
0000000000000000
0000000000200000
0000000000000000
0000000000000000
0000000000000000
===
0000000000000000
0000000100000000
0000000100000000
0000000100000000
0000000100000000
0000000100000000
0000000000000000
0000000000000000
0000000000000000
0000000000000000
0000000000200000
0000000000000000
0000000000000000
0000000000000000
===
0000000000000000
0000000000000000
0000000100000000
0000000100000000
0000000100000000
0000000110000000
0000000000000000
0000000000000000
0000000000000000
0000000000000000
0000000000200000
0000000000000000
0000000000000000
0000000000000000
===
0000000000000000
0000000000000000
0000000000000000
0000000100000000
0000000100000000
0000000110000000
0000000010000000
0000000000000000
0000000000000000
0000000000000000
0000000000200000
0000000000000000
0000000000000000
0000000000000000
===
0000000000000000
0000000000000000
0000000000000000
0000000000000000
0000000100000000
0000000110000000
0000000010000000
0000000010000000
0000000000000000
0000000000000000
0000000000200000
0000000000000000
0000000000000000
0000000000000000
===
0000000000000000
0000000000000000
0000000000000000
0000000000000000
0000000000000000
0000000110000000
0000000010000000
0000000010000000
0000000010000000
0000000000000000
0000000000200000
0000000000000000
0000000000000000
0000000000000000
===
0000000000000000
0000000000000000
0000000000000000
0000000000000000
0000000000000000
0000000010000000
0000000010000000
0000000010000000
0000000011000000
0000000000000000
0000000000200000
0000000000000000
0000000000000000
0000000000000000
===
0000000000000000
0000000000000000
0000000000000000
0000000000000000
0000000000000000
0000000000000000
0000000010000000
0000000010000000
0000000011000000
0000000001000000
0000000000200000
0000000000000000
0000000000000000
0000000000000000
===
0000000000000000
0000000000000000
0000000000000000
0000000000000000
0000000000000000
0000000000000000
0000000000000000
0000000010000000
0000000011000000
0000000001100000
0000000000200000
0000000000000000
0000000000000000
0000000000000000
===
0000000000000000
0000000000000000
0000000000000000
0000000000000000
0000000000000000
0000000000000000
0000000000000000
0000000200000000
0000000111000000
0000000001100000
0000000000100000
0000000000000000
0000000000000000
0000000000000000
===
0000000000000000
0000000000000000
0000000000000000
0000000000000000
0000000000000000
0000000000000000
0000000000000000
0000000200000000
0000000011000000
0000000001100000
0000000001100000
0000000000000000
0000000000000000
0000000000000000
===
0000000000000000
0000000000000000
0000000000000000
0000000000000000
0000000000000000
0000000000000000
0000000000000000
0000000200000000
0000000001000000
0000000001100000
0000000011100000
0000000000000000
0000000000000000
0000000000000000
===
0000000000000000
0000000000000000
0000000000000000
0000000000000000
0000000000000000
0000000000000000
0000000000000000
0000000200000000
0000000000000000
0000000011100000
0000000011100000
0000000000000000
0000000000000000
0000000000000000
===
0000000000000000
0000000000000000
0000000000000000
0000000000000000
0000000000000000
0000000000000000
0000000000000000
0000000200000000
0000000010000000
0000000010100000
0000000011100000
0000000000000000
0000000000000000
0000000000000000
===
