0000000000000000
0000000000000000
0000000000000000
0000000000000000
0000000000000000
0000000000000000
0000000000000000
0001110000200000
0000000000000000
0000000000000000
0000000000000000
0000000000000000
0000000000000000
0000000000000000
===
0000000000000000
0000000000000000
0000000000000000
0000000000000000
0000000000000000
0000000000000000
0000000000000000
0000111000200000
0000000000000000
0000000000000000
0000000000000000
0000000000000000
0000000000000000
0000000000000000
===
0000000000000000
0000000000000000
0000000000000000
0000000000000000
0000000000000000
0000000000000000
0000000000000000
0000011100200000
0000000000000000
0000000000000000
0000000000000000
0000000000000000
0000000000000000
0000000000000000
===
0000000000000000
0000000000000000
0000000000000000
0000000000000000
0000000000000000
0000000000000000
0000000000000000
0000001110200000
0000000000000000
0000000000000000
0000000000000000
0000000000000000
0000000000000000
0000000000000000
===
0000000000000000
0000000000000000
0000000000000000
0000000000000000
0000000000000000
0000000000000000
0000000000000000
0000000111200000
0000000000000000
0000000000000000
0000000000000000
0000000000000000
0000000000000000
0000000000000000
===
0000000000000000
0000000000000200
0000000000000000
0000000000000000
0000000000000000
0000000000000000
0000000000000000
0000000111100000
0000000000000000
0000000000000000
0000000000000000
0000000000000000
0000000000000000
0000000000000000
===
0000000000000000
0000000000000200
0000000000000000
0000000000000000
0000000000000000
0000000000000000
0000000000100000
0000000011100000
0000000000000000
0000000000000000
0000000000000000
0000000000000000
0000000000000000
0000000000000000
===
0000000000000000
0000000000000200
0000000000000000
0000000000000000
0000000000000000
0000000000100000
0000000000100000
0000000001100000
0000000000000000
0000000000000000
0000000000000000
0000000000000000
0000000000000000
0000000000000000
===
0000000000000000
0000000000000200
0000000000000000
0000000000000000
0000000000100000
0000000000100000
0000000000100000
0000000000100000
0000000000000000
0000000000000000
0000000000000000
0000000000000000
0000000000000000
0000000000000000
===
0000000000000000
0000000000000200
0000000000000000
0000000000100000
0000000000100000
0000000000100000
0000000000100000
0000000000000000
0000000000000000
0000000000000000
0000000000000000
0000000000000000
0000000000000000
0000000000000000
===
0000000000000000
0000000000000200
0000000000000000
0000000000110000
0000000000100000
0000000000100000
0000000000000000
0000000000000000
0000000000000000
0000000000000000
0000000000000000
0000000000000000
0000000000000000
0000000000000000
===
0000000000000000
0000000000000200
0000000000010000
0000000000110000
0000000000100000
0000000000000000
0000000000000000
0000000000000000
0000000000000000
0000000000000000
0000000000000000
0000000000000000
0000000000000000
0000000000000000
===
0000000000000000
0000000000000200
0000000000011000
0000000000110000
0000000000000000
0000000000000000
0000000000000000
0000000000000000
0000000000000000
0000000000000000
0000000000000000
0000000000000000
0000000000000000
0000000000000000
===
0000000000000000
0000000000001200
0000000000011000
0000000000010000
0000000000000000
0000000000000000
0000000000000000
0000000000000000
0000000000000000
0000000000000000
0000000000000000
0000000000000000
0000000000000000
0000000000000000
===
0000000000000000
0000000000001100
0000000000111000
0000000000000000
0000000000000000
0000000000000000
0000000000000000
0000000000000000
0000000000000000
0000000000000000
0000000000000000
0000200000000000
0000000000000000
0000000000000000
===
0000000000000100
0000000000001100
0000000000011000
0000000000000000
0000000000000000
0000000000000000
0000000000000000
0000000000000000
0000000000000000
0000000000000000
0000000000000000
0000200000000000
0000000000000000
0000000000000000
===
0000000000001100
0000000000001100
0000000000001000
0000000000000000
0000000000000000
0000000000000000
0000000000000000
0000000000000000
0000000000000000
0000000000000000
0000000000000000
0000200000000000
0000000000000000
0000000000000000
===
0000000000011100
0000000000001100
0000000000000000
0000000000000000
0000000000000000
0000000000000000
0000000000000000
0000000000000000
0000000000000000
0000000000000000
0000000000000000
0000200000000000
0000000000000000
0000000000000000
===
0000000000111100
0000000000000100
0000000000000000
0000000000000000
0000000000000000
0000000000000000
0000000000000000
0000000000000000
0000000000000000
0000000000000000
0000000000000000
0000200000000000
0000000000000000
0000000000000000
===
0000000000111100
0000000000100000
0000000000000000
0000000000000000
0000000000000000
0000000000000000
0000000000000000
0000000000000000
0000000000000000
0000000000000000
0000000000000000
0000200000000000
0000000000000000
0000000000000000
===
0000000000111000
0000000000100000
0000000000100000
0000000000000000
0000000000000000
0000000000000000
0000000000000000
0000000000000000
0000000000000000
0000000000000000
0000000000000000
0000200000000000
0000000000000000
0000000000000000
===
0000000000110000
0000000000100000
0000000001100000
0000000000000000
0000000000000000
0000000000000000
0000000000000000
0000000000000000
0000000000000000
0000000000000000
0000000000000000
0000200000000000
0000000000000000
0000000000000000
===
0000000000100000
0000000000100000
0000000011100000
0000000000000000
0000000000000000
0000000000000000
0000000000000000
0000000000000000
0000000000000000
0000000000000000
0000000000000000
0000200000000000
0000000000000000
0000000000000000
===
0000000000000000
0000000000100000
0000000011100000
0000000010000000
0000000000000000
0000000000000000
0000000000000000
0000000000000000
0000000000000000
0000000000000000
0000000000000000
0000200000000000
0000000000000000
0000000000000000
===
0000000000000000
0000000000000000
0000000011100000
0000000110000000
0000000000000000
0000000000000000
0000000000000000
0000000000000000
0000000000000000
0000000000000000
0000000000000000
0000200000000000
0000000000000000
0000000000000000
===
0000000000000000
0000000000000000
0000000011000000
0000000110000000
0000000100000000
0000000000000000
0000000000000000
0000000000000000
0000000000000000
0000000000000000
0000000000000000
0000200000000000
0000000000000000
0000000000000000
===
0000000000000000
0000000000000000
0000000010000000
0000000110000000
0000000100000000
0000000100000000
0000000000000000
0000000000000000
0000000000000000
0000000000000000
0000000000000000
0000200000000000
0000000000000000
0000000000000000
===
0000000000000000
0000000000000000
0000000000000000
0000000110000000
0000000100000000
0000000100000000
0000000100000000
0000000000000000
0000000000000000
0000000000000000
0000000000000000
0000200000000000
0000000000000000
0000000000000000
===
0000000000000000
0000000000000000
0000000000000000
0000000100000000
0000000100000000
0000000100000000
0000001100000000
0000000000000000
0000000000000000
0000000000000000
0000000000000000
0000200000000000
0000000000000000
0000000000000000
===
0000000000000000
0000000000000000
0000000000000000
0000000000000000
0000000100000000
0000000100000000
0000001100000000
0000001000000000
0000000000000000
0000000000000000
0000000000000000
0000200000000000
0000000000000000
0000000000000000
===
0000000000000000
0000000000000000
0000000000000000
0000000000000000
0000000000000000
0000000100000000
0000001100000000
0000001000000000
0000001000000000
0000000000000000
0000000000000000
0000200000000000
0000000000000000
0000000000000000
===
0000000000000000
0000000000000000
0000000000000000
0000000000000000
0000000000000000
0000000000000000
0000001100000000
0000001000000000
0000001000000000
0000001000000000
0000000000000000
0000200000000000
0000000000000000
0000000000000000
===
0000000000000000
0000000000000000
0000000000000000
0000000000000000
0000000000000000
0000000000000000
0000001000000000
0000001000000000
0000001000000000
0000011000000000
0000000000000000
0000200000000000
0000000000000000
0000000000000000
===
0000000000000000
0000000000000000
0000000000000000
0000000000000000
0000000000000000
0000000000000000
0000000000000000
0000001000000000
0000001000000000
0000011000000000
0000010000000000
0000200000000000
0000000000000000
0000000000000000
===
0000000000000000
0000000000000000
0000000000000000
0000000000000000
0000000000000000
0000000000000000
0000000000000000
0000000000000000
0000001000000000
0000011000000000
0000110000000000
0000200000000000
0000000000000000
0000000000000000
===
0000000000000000
0000000000000000
0000000000000000
0000000000000000
0000020000000000
0000000000000000
0000000000000000
0000000000000000
0000000000000000
0000011000000000
0000110000000000
0000100000000000
0000000000000000
0000000000000000
===
0000000000000000
0000000000000000
0000000000000000
0000000000000000
0000020000000000
0000000000000000
0000000000000000
0000000000000000
0000000000000000
0000011000000000
0000110000000000
0001100000000000
0000000000000000
0000000000000000
===
0000000000000000
0000000000000000
0000000000000000
0000000000000000
0000020000000000
0000000000000000
0000000000000000
0000000000000000
0000000000000000
0000010000000000
0001110000000000
0001100000000000
0000000000000000
0000000000000000
===
0000000000000000
0000000000000000
0000000000000000
0000000000000000
0000020000000000
0000000000000000
0000000000000000
0000000000000000
0000000000000000
0001000000000000
0001110000000000
0001100000000000
0000000000000000
0000000000000000
===
0000000000000000
0000000000000000
0000000000000000
0000000000000000
0000020000000000
0000000000000000
0000000000000000
0000000000000000
0001000000000000
0001000000000000
0001100000000000
0001100000000000
0000000000000000
0000000000000000
===
0000000000000000
0000000000000000
0000000000000000
0000000000000000
0000020000000000
0000000000000000
0000000000000000
0001000000000000
0001000000000000
0001000000000000
0001000000000000
0001100000000000
0000000000000000
0000000000000000
===
0000000000000000
0000000000000000
0000000000000000
0000000000000000
0000020000000000
0000000000000000
0001000000000000
0001000000000000
0001000000000000
0001000000000000
0001000000000000
0001000000000000
0000000000000000
0000000000000000
===
0000000000000000
0000000000000000
0000000000000000
0000000000000000
0000020000000000
0001000000000000
0001000000000000
0001000000000000
0001000000000000
0001000000000000
0001000000000000
0000000000000000
0000000000000000
0000000000000000
===
0000000000000000
0000000000000000
0000000000000000
0000000000000000
0000020000000000
0001100000000000
0001000000000000
0001000000000000
0001000000000000
0001000000000000
0000000000000000
0000000000000000
0000000000000000
0000000000000000
===
0000000000000000
0000000000000000
0000000000000000
0000000000000000
0000120000000000
0001100000000000
0001000000000000
0001000000000000
0001000000000000
0000000000000000
0000000000000000
0000000000000000
0000000000000000
0000000000000000
===
0000000000000000
0000000000000000
0000000000000000
0000000000000000
0000110000000000
0001100000000000
0001000000000000
0001000000000000
0001000000000000
0000000000000000
0000000000000000
0000000000000000
0000000002000000
0000000000000000
===
0000000000000000
0000000000000000
0000000000000000
0000010000000000
0000110000000000
0001100000000000
0001000000000000
0001000000000000
0000000000000000
0000000000000000
0000000000000000
0000000000000000
0000000002000000
0000000000000000
===
0000000000000000
0000000000000000
0000000000000000
0000011000000000
0000110000000000
0001100000000000
0001000000000000
0000000000000000
0000000000000000
0000000000000000
0000000000000000
0000000000000000
0000000002000000
0000000000000000
===
0000000000000000
0000000000000000
0000000000000000
0000011000000000
0000111000000000
0001100000000000
0000000000000000
0000000000000000
0000000000000000
0000000000000000
0000000000000000
0000000000000000
0000000002000000
0000000000000000
===
0000000000000000
0000000000000000
0000000000000000
0000011000000000
0000111000000000
0000101000000000
0000000000000000
0000000000000000
0000000000000000
0000000000000000
0000000000000000
0000000000000000
0000000002000000
0000000000000000
===
0000000000000000
0000000000000000
0000000000000000
0000011000000000
0000111000000000
0000001000000000
0000001000000000
0000000000000000
0000000000000000
0000000000000000
0000000000000000
0000000000000000
0000000002000000
0000000000000000
===
0000000000000000
0000000000000000
0000000000000000
0000011000000000
0000011000000000
0000001000000000
0000001000000000
0000001000000000
0000000000000000
0000000000000000
0000000000000000
0000000000000000
0000000002000000
0000000000000000
===
0000000000000000
0000000000000000
0000000000000000
0000011000000000
0000001000000000
0000001000000000
0000001000000000
0000001100000000
0000000000000000
0000000000000000
0000000000000000
0000000000000000
0000000002000000
0000000000000000
===
0000000000000000
0000000000000000
0000000000000000
0000001000000000
0000001000000000
0000001000000000
0000001000000000
0000001100000000
0000000100000000
0000000000000000
0000000000000000
0000000000000000
0000000002000000
0000000000000000
===
0000000000000000
0000000000000000
0000000000000000
0000000000000000
0000001000000000
0000001000000000
0000001000000000
0000001100000000
0000000100000000
0000000100000000
0000000000000000
0000000000000000
0000000002000000
0000000000000000
===
0000000000000000
0000000000000000
0000000000000000
0000000000000000
0000000000000000
0000001000000000
0000001000000000
0000001100000000
0000000100000000
0000000100000000
0000000100000000
0000000000000000
0000000002000000
0000000000000000
===
0000000000000000
0000000000000000
0000000000000000
0000000000000000
0000000000000000
0000000000000000
0000001000000000
0000001100000000
0000000100000000
0000000100000000
0000000110000000
0000000000000000
0000000002000000
0000000000000000
===
0000000000000000
0000000000000000
0000000000000000
0000000000000000
0000000000000000
0000000000000000
0000000000000000
0000001100000000
0000000100000000
0000000100000000
0000000110000000
0000000010000000
0000000002000000
0000000000000000
===
0000000000000000
0000000000000000
0000000000000000
0000000000000000
0000000000000000
0000000000000000
0000000000000000
0000000100000000
0000000100000000
0000000100000000
0000000110000000
0000000011000000
0000000002000000
0000000000000000
===
0000000000000000
0000000000000000
0000000000000000
0000000000000000
0000000000000000
0000000000000000
0000000000000000
0000000100000000
0000000100000000
0000000120000000
0000000110000000
0000000011000000
0000000001000000
0000000000000000
===
0000000000000000
0000000000000000
0000000000000000
0000000000000000
0000000000000000
0000000000000000
0000000000000000
0000000000000000
0000000100000000
0000000120000000
0000000110000000
0000000011000000
0000000011000000
0000000000000000
===
0000000000000000
0000000000000000
0000000000000000
0000000000000000
0000000000000000
0000000000000000
0000000000000000
0000000000000000
0000000000000000
0000000120000000
0000000110000000
0000000011000000
0000000111000000
0000000000000000
===
0000000000000000
0000000000000000
0000000000000000
0000000000000000
0000000000000000
0000000000000000
0000000000000000
0000000000000000
0000000000000000
0000000020000000
0000000110000000
0000000111000000
0000000111000000
0000000000000000
===
0000000000000000
0000000000000000
0000000000000000
0000000000000000
0000000000000000
0000000000000000
0000000000000000
0000000000000000
0000000000000000
0000000020000000
0000000110000000
0000000111000000
0000000111000000
0000000000000000
===
0000000000000000
0000000000000000
0000000000000000
0000000000000000
0000000000000000
0000000000000000
0000000000000000
0000000000000000
0000000000000000
0000000120000000
0000000100000000
0000000111000000
0000000111000000
0000000000000000
===
0000000000000000
0000000000000000
0000000000000000
0000000002000000
0000000000000000
0000000000000000
0000000000000000
0000000000000000
0000000000000000
0000000110000000
0000000101000000
0000000101000000
0000000111000000
0000000000000000
===
0000000000000000
0000000000000000
0000000000000000
0000000002000000
0000000000000000
0000000000000000
0000000000000000
0000000000000000
0000000010000000
0000000110000000
0000000100000000
0000000101000000
0000000111000000
0000000000000000
===
0000000000000000
0000000000000000
0000000000000000
0000000002000000
0000000000000000
0000000000000000
0000000000000000
0000000010000000
0000000010000000
0000000110000000
0000000100000000
0000000100000000
0000000111000000
0000000000000000
===
0000000000000000
0000000000000000
0000000000000000
0000000002000000
0000000000000000
0000000000000000
0000000010000000
0000000010000000
0000000010000000
0000000110000000
0000000100000000
0000000100000000
0000000110000000
0000000000000000
===
0000000000000000
0000000000000000
0000000000000000
0000000002000000
0000000000000000
0000000010000000
0000000010000000
0000000010000000
0000000010000000
0000000110000000
0000000100000000
0000000100000000
0000000100000000
0000000000000000
===
0000000000000000
0000000000000000
0000000000000000
0000000002000000
0000000010000000
0000000010000000
0000000010000000
0000000010000000
0000000010000000
0000000110000000
0000000100000000
0000000100000000
0000000000000000
0000000000000000
===
0000000000000000
0000000000000000
0000000000000000
0000000012000000
0000000010000000
0000000010000000
0000000010000000
0000000010000000
0000000010000000
0000000110000000
0000000100000000
0000000000000000
0000000000000000
0000000000000000
===
0000000000000000
0000000000000000
0000000000000000
0000000011000000
0000000010000000
0000000010000000
0000000010000000
0000000010000000
0000000010000000
0000001110000000
0000000000000000
0000000002000000
0000000000000000
0000000000000000
===
0000000000000000
0000000000000000
0000000001000000
0000000011000000
0000000010000000
0000000010000000
0000000010000000
0000000010000000
0000000010000000
0000000110000000
0000000000000000
0000000002000000
0000000000000000
0000000000000000
===
0000000000000000
0000000000000000
0000000011000000
0000000011000000
0000000010000000
0000000010000000
0000000010000000
0000000010000000
0000000010000000
0000000010000000
0000000000000000
0000000002000000
0000000000000000
0000000000000000
===
0000000000000000
0000000000000000
0000000111000000
0000000011000000
0000000010000000
0000000010000000
0000000010000000
0000000010000000
0000000010000000
0000000000000000
0000000000000000
0000000002000000
0000000000000000
0000000000000000
===
0000000000000000
0000000000000000
0000000111000000
0000000111000000
0000000010000000
0000000010000000
0000000010000000
0000000010000000
0000000000000000
0000000000000000
0000000000000000
0000000002000000
0000000000000000
0000000000000000
===
0000000000000000
0000000000000000
0000000111000000
0000000111000000
0000000110000000
0000000010000000
0000000010000000
0000000000000000
0000000000000000
0000000000000000
0000000000000000
0000000002000000
0000000000000000
0000000000000000
===
0000000000000000
0000000000000000
0000000111000000
0000000111000000
0000000110000000
0000000110000000
0000000000000000
0000000000000000
0000000000000000
0000000000000000
0000000000000000
0000000002000000
0000000000000000
0000000000000000
===
0000000000000000
0000000000000000
0000000111000000
0000000111000000
0000000110000000
0000000100000000
0000000100000000
0000000000000000
0000000000000000
0000000000000000
0000000000000000
0000000002000000
0000000000000000
0000000000000000
===
0000000000000000
0000000000000000
0000000111000000
0000000111000000
0000000100000000
0000000100000000
0000000100000000
0000000100000000
0000000000000000
0000000000000000
0000000000000000
0000000002000000
0000000000000000
0000000000000000
===
0000000000000000
0000000000000000
0000000111000000
0000000101000000
0000000100000000
0000000100000000
0000000100000000
0000000100000000
0000000100000000
0000000000000000
0000000000000000
0000000002000000
0000000000000000
0000000000000000
===
0000000000000000
0000000000000000
0000000111000000
0000000100000000
0000000100000000
0000000100000000
0000000100000000
0000000100000000
0000000100000000
0000000100000000
0000000000000000
0000000002000000
0000000000000000
0000000000000000
===
0000000000000000
0000000000000000
0000000110000000
0000000100000000
0000000100000000
0000000100000000
0000000100000000
0000000100000000
0000000100000000
0000000110000000
0000000000000000
0000000002000000
0000000000000000
0000000000000000
===
0000000000000000
0000000000000000
0000000100000000
0000000100000000
0000000100000000
0000000100000000
0000000100000000
0000000100000000
0000000100000000
0000000110000000
0000000010000000
0000000002000000
0000000000000000
0000000000000000
===
0000000000000000
0000000000000000
0000000000000000
0000000100000000
0000000100000000
0000000100000000
0000000100000000
0000000100000000
0000000100000000
0000000110000000
0000000011000000
0000000002000000
0000000000000000
0000000000000000
===
0000000000000000
0000000000000000
0000000000000000
0000000100000000
0000000100000000
0000000100000000
0000000100000000
0000000100000000
0000000100000000
0000002110000000
0000000011000000
0000000001000000
0000000000000000
0000000000000000
===
0000000000000000
0000000000000000
0000000000000000
0000000000000000
0000000100000000
0000000100000000
0000000100000000
0000000100000000
0000000100000000
0000002110000000
0000000011000000
0000000011000000
0000000000000000
0000000000000000
===
0000000000000000
0000000000000000
0000000000000000
0000000000000000
0000000000000000
0000000100000000
0000000100000000
0000000100000000
0000000100000000
0000002110000000
0000000011000000
0000000111000000
0000000000000000
0000000000000000
===
0000000000000000
0000000000000000
0000000000000000
0000000000000000
0000000000000000
0000000000000000
0000000100000000
0000000100000000
0000000100000000
0000002110000000
0000000111000000
0000000111000000
0000000000000000
0000000000000000
===
0000000000000000
0000000000000000
0000000000000000
0000000000000000
0000000000000000
0000000000000000
0000000000000000
0000000100000000
0000000100000000
0000002110000000
0000001111000000
0000000111000000
0000000000000000
0000000000000000
===
0000000000000000
0000000000000000
0000020000000000
0000000000000000
0000000000000000
0000000000000000
0000000000000000
0000000100000000
0000000100000000
0000001110000000
0000001111000000
0000000111000000
0000000000000000
0000000000000000
===
0000000000000000
0000000000000000
0000020000000000
0000000000000000
0000000000000000
0000000000000000
0000000000000000
0000000000000000
0000001100000000
0000001110000000
0000001111000000
0000000111000000
0000000000000000
0000000000000000
===
0000000000000000
0000000000000000
0000020000000000
0000000000000000
0000000000000000
0000000000000000
0000000000000000
0000001000000000
0000001000000000
0000001110000000
0000001111000000
0000000111000000
0000000000000000
0000000000000000
===
0000000000000000
0000000000000000
0000020000000000
0000000000000000
0000000000000000
0000000000000000
0000001000000000
0000001000000000
0000001000000000
0000001010000000
0000001111000000
0000000111000000
0000000000000000
0000000000000000
===
0000000000000000
0000000000000000
0000020000000000
0000000000000000
0000000000000000
0000001000000000
0000001000000000
0000001000000000
0000001000000000
0000001000000000
0000001111000000
0000000111000000
0000000000000000
0000000000000000
===
0000000000000000
0000000000000000
0000020000000000
0000000000000000
0000001000000000
0000001000000000
0000001000000000
0000001000000000
0000001000000000
0000001000000000
0000001101000000
0000000111000000
0000000000000000
0000000000000000
===
0000000000000000
0000000000000000
0000020000000000
0000001000000000
0000001000000000
0000001000000000
0000001000000000
0000001000000000
0000001000000000
0000001000000000
0000001100000000
0000000111000000
0000000000000000
0000000000000000
===
0000000000000000
0000000000000000
0000021000000000
0000001000000000
0000001000000000
0000001000000000
0000001000000000
0000001000000000
0000001000000000
0000001000000000
0000001100000000
0000000110000000
0000000000000000
0000000000000000
===
0000000000000000
0000000000000000
0000011000000000
0000001000000000
0000001000000000
0000001000000000
0000001000000000
0200001000000000
0000001000000000
0000001000000000
0000001100000000
0000000100000000
0000000100000000
0000000000000000
===
0000000000000000
0000010000000000
0000011000000000
0000001000000000
0000001000000000
0000001000000000
0000001000000000
0200001000000000
0000001000000000
0000001000000000
0000001100000000
0000000100000000
0000000000000000
0000000000000000
===
0000000000000000
0000110000000000
0000011000000000
0000001000000000
0000001000000000
0000001000000000
0000001000000000
0200001000000000
0000001000000000
0000001000000000
0000001100000000
0000000000000000
0000000000000000
0000000000000000
===
0000000000000000
0000110000000000
0000111000000000
0000001000000000
0000001000000000
0000001000000000
0000001000000000
0200001000000000
0000001000000000
0000001000000000
0000001000000000
0000000000000000
0000000000000000
0000000000000000
===
0000000000000000
0000110000000000
0001111000000000
0000001000000000
0000001000000000
0000001000000000
0000001000000000
0200001000000000
0000001000000000
0000001000000000
0000000000000000
0000000000000000
0000000000000000
0000000000000000
===
0000000000000000
0000110000000000
0001111000000000
0001001000000000
0000001000000000
0000001000000000
0000001000000000
0200001000000000
0000001000000000
0000000000000000
0000000000000000
0000000000000000
0000000000000000
0000000000000000
===
0000000000000000
0000110000000000
0001111000000000
0001001000000000
0001001000000000
0000001000000000
0000001000000000
0200001000000000
0000000000000000
0000000000000000
0000000000000000
0000000000000000
0000000000000000
0000000000000000
===
0000000000000000
0000110000000000
0001111000000000
0001001000000000
0001001000000000
0001001000000000
0000001000000000
0200000000000000
0000000000000000
0000000000000000
0000000000000000
0000000000000000
0000000000000000
0000000000000000
===
0000000000000000
0000110000000000
0001111000000000
0001001000000000
0001001000000000
0011001000000000
0000000000000000
0200000000000000
0000000000000000
0000000000000000
0000000000000000
0000000000000000
0000000000000000
0000000000000000
===
0000000000000000
0000110000000000
0001111000000000
0001001000000000
0001001000000000
0011000000000000
0010000000000000
0200000000000000
0000000000000000
0000000000000000
0000000000000000
0000000000000000
0000000000000000
0000000000000000
===
0000000000000000
0000110000000000
0001111000000000
0001001000000000
0001000000000000
0011000000000000
0110000000000000
0200000000000000
0000000000000000
0000000000000000
0000000000000000
0000000000000000
0000000000000000
0000000000000000
===
0000000000000000
0000110000000000
0001111000000000
0001000000000000
0001000000000000
0011000000000000
0110000000000000
0100000000000000
0000000000000000
0000000000000000
0000000000000000
0000000000000000
0000000002000000
0000000000000000
===
0000000000000000
0000110000000000
0001111000000000
0001000000000000
0001000000000000
0011000000000000
0110000000000000
1100000000000000
0000000000000000
0000000000000000
0000000000000000
0000000000000000
0000000002000000
0000000000000000
===
0000000000000000
0000110000000000
0001110000000000
0001000000000000
0001000000000000
0011000000000000
0110000000000000
1100000000000000
1000000000000000
0000000000000000
0000000000000000
0000000000000000
0000000002000000
0000000000000000
===
0000000000000000
0000110000000000
0001100000000000
0001000000000000
0001000000000000
0011000000000000
0110000000000000
1100000000000000
1100000000000000
0000000000000000
0000000000000000
0000000000000000
0000000002000000
0000000000000000
===
0000000000000000
0000100000000000
0001100000000000
0001000000000000
0001000000000000
0011000000000000
0110000000000000
1100000000000000
1110000000000000
0000000000000000
0000000000000000
0000000000000000
0000000002000000
0000000000000000
===
0000000000000000
0000000000000000
0001100000000000
0001000000000000
0001000000000000
0011000000000000
0110000000000000
1100000000000000
1111000000000000
0000000000000000
0000000000000000
0000000000000000
0000000002000000
0000000000000000
===
0000000000000000
0000000000000000
0001000000000000
0001000000000000
0001000000000000
0011000000000000
0110000000000000
1100000000000000
1111100000000000
0000000000000000
0000000000000000
0000000000000000
0000000002000000
0000000000000000
===
0000000000000000
0000000000000000
0000000000000000
0001000000000000
0001000000000000
0011000000000000
0110000000000000
1100000000000000
1111110000000000
0000000000000000
0000000000000000
0000000000000000
0000000002000000
0000000000000000
===
0000000000000000
0000000000000000
0000000000000000
0000000000000000
0001000000000000
0011000000000000
0110000000000000
1100000000000000
1111111000000000
0000000000000000
0000000000000000
0000000000000000
0000000002000000
0000000000000000
===
0000000000000000
0000000000000000
0000000000000000
0000000000000000
0000000000000000
0011000000000000
0110000000000000
1100000000000000
1111111100000000
0000000000000000
0000000000000000
0000000000000000
0000000002000000
0000000000000000
===
0000000000000000
0000000000000000
0000000000000000
0000000000000000
0000000000000000
0010000000000000
0110000000000000
1100000000000000
1111111100000000
0000000100000000
0000000000000000
0000000000000000
0000000002000000
0000000000000000
===
0000000000000000
0000000000000000
0000000000000000
0000000000000000
0000000000000000
0000000000000000
0110000000000000
1100000000000000
1111111100000000
0000000100000000
0000000100000000
0000000000000000
0000000002000000
0000000000000000
===
0000000000000000
0000000000000000
0000000000000000
0000000000000000
0000000000000000
0000000000000000
0100000000000000
1100000000000000
1111111100000000
0000000100000000
0000000110000000
0000000000000000
0000000002000000
0000000000000000
===
0000000000000000
0000000000000000
0000000000000000
0000000000000000
0000000000000000
0000000000000000
0000000000000000
1100000000000000
1111111100000000
0000000100000000
0000000110000000
0000000010000000
0000000002000000
0000000000000000
===
0000000000000000
0000000000000000
0000000000000000
0000000000000000
0000000000000000
0000000000000000
0000000000000000
1000000000000000
1111111100000000
0000000100000000
0000000110000000
0000000011000000
0000000002000000
0000000000000000
===
0000000000000000
0000000000000000
0000000000000000
0000000000000000
0000000000000000
0000000000000000
0000000000000000
0000000000000000
1111111100000000
0000020100000000
0000000110000000
0000000011000000
0000000001000000
0000000000000000
===
0000000000000000
0000000000000000
0000000000000000
0000000000000000
0000000000000000
0000000000000000
0000000000000000
0000000000000000
1111111100000000
0000020100000000
0000000110000000
0000000011000000
0000000011000000
0000000000000000
===
0000000000000000
0000000000000000
0000000000000000
0000000000000000
0000000000000000
0000000000000000
0000000000000000
0000000000000000
0111111100000000
0000020100000000
0000000110000000
0000000011000000
0000000111000000
0000000000000000
===
0000000000000000
0000000000000000
0000000000000000
0000000000000000
0000000000000000
0000000000000000
0000000000000000
0000000000000000
0011111100000000
0000020100000000
0000000110000000
0000000111000000
0000000111000000
0000000000000000
===
0000000000000000
0000000000000000
0000000000000000
0000000000000000
0000000000000000
0000000000000000
0000000000000000
0000000000000000
0001111100000000
0000020100000000
0000000110000000
0000001111000000
0000000111000000
0000000000000000
===
0000000000000000
0000000000000000
0000000000000000
0000000000000000
0000000000000000
0000000000000000
0000000000000000
0000000000000000
0000111100000000
0000020100000000
0000001110000000
0000001111000000
0000000111000000
0000000000000000
===
0000000000000000
0000000000000000
0000000000000000
0000000000000000
0000000000000000
0000000000000000
0000000000000000
0000000000000000
0000011100000000
0000021100000000
0000001110000000
0000001111000000
0000000111000000
0000000000000000
===
0000000000000000
0000000000000000
0000000000000000
0000000000000000
0000000000000000
0000000000000000
0000000000000000
0000000000000000
0020011100000000
0000011100000000
0000001110000000
0000001111000000
0000000111000000
0000000000000000
===
0000000000000000
0000000000000000
0000000000000000
0000000000000000
0000000000000000
0000000000000000
0000000000000000
0000000000000000
0020011100000000
0000011100000000
0000001110000000
0000001111000000
0000000111000000
0000000000000000
===
0000000000000000
0000000000000000
0000000000000000
0000000000000000
0000000000000000
0000000000000000
0000000000000000
0000000000000000
0020110100000000
0000011100000000
0000001110000000
0000001111000000
0000000111000000
0000000000000000
===
0000000000000000
0000000000000000
0000000000000000
0000000000000000
0000000000000000
0000000000000000
0000000000000000
0000000000000000
0021110000000000
0000011100000000
0000001110000000
0000001111000000
0000000111000000
0000000000000000
===
0000000000000000
0000000000000000
0000000000000000
0000000000000000
0000000000000000
0000000000000000
0000000000000000
0000000000000000
0011110000000000
0000011000000200
0000001110000000
0000001111000000
0000000111000000
0000000000000000
===
0000000000000000
0000000000000000
0000000000000000
0000000000000000
0000000000000000
0000000000000000
0000000000000000
0010000000000000
0011110000000000
0000011000000200
0000001110000000
0000001111000000
0000000111000000
0000000000000000
===
0000000000000000
0000000000000000
0000000000000000
0000000000000000
0000000000000000
0000000000000000
0000000000000000
0011000000000000
0011110000000000
0000011000000200
0000001010000000
0000001111000000
0000000111000000
0000000000000000
===
0000000000000000
0000000000000000
0000000000000000
0000000000000000
0000000000000000
0000000000000000
0000000000000000
0011100000000000
0011110000000000
0000011000000200
0000001000000000
0000001111000000
0000000111000000
0000000000000000
===
0000000000000000
0000000000000000
0000000000000000
0000000000000000
0000000000000000
0000000000000000
0000000000000000
0011110000000000
0011110000000000
0000011000000200
0000001000000000
0000001101000000
0000000111000000
0000000000000000
===
0000000000000000
0000000000000000
0000000000000000
0000000000000000
0000000000000000
0000000000000000
0000000000000000
0011111000000000
0011110000000000
0000011000000200
0000001000000000
0000001100000000
0000000111000000
0000000000000000
===
0000000000000000
0000000000000000
0000000000000000
0000000000000000
0000000000000000
0000000000000000
0000000000000000
0011111100000000
0011110000000000
0000011000000200
0000001000000000
0000001100000000
0000000110000000
0000000000000000
===
0000000000000000
0000000000000000
0000000000000000
0000000000000000
0000000000000000
0000000000000000
0000000000000000
0011111110000000
0011110000000000
0000011000000200
0000001000000000
0000001100000000
0000000100000000
0000000000000000
===
0000000000000000
0000000000000000
0000000000000000
0000000000000000
0000000000000000
0000000000000000
0000000000000000
0011111111000000
0011110000000000
0000011000000200
0000001000000000
0000001100000000
0000000000000000
0000000000000000
===
0000000000000000
0000000000000000
0000000000000000
0000000000000000
0000000000000000
0000000000000000
0000000000000000
0011111111100000
0011110000000000
0000011000000200
0000001000000000
0000001000000000
0000000000000000
0000000000000000
===
0000000000000000
0000000000000000
0000000000000000
0000000000000000
0000000000000000
0000000000000000
0000000000000000
0011111111110000
0011110000000000
0000011000000200
0000001000000000
0000000000000000
0000000000000000
0000000000000000
===
0000000000000000
0000000000000000
0000000000000000
0000000000000000
0000000000000000
0000000000000000
0000000000000000
0011111111111000
0011110000000000
0000011000000200
0000000000000000
0000000000000000
0000000000000000
0000000000000000
===
0000000000000000
0000000000000000
0000000000000000
0000000000000000
0000000000000000
0000000000000000
0000000000000000
0011111111111000
0011110000001000
0000010000000200
0000000000000000
0000000000000000
0000000000000000
0000000000000000
===
0000000000000000
0000000000000000
0000000000000000
0000000000000000
0000000000000000
0000000000000000
0000000000000000
0011111111111000
0011110000001100
0000000000000200
0000000000000000
0000000000000000
0000000000000000
0000000000000000
===
0000000000000000
0000000000000000
0000000000000000
0000000000000000
0000000000000000
0000000000000000
0000000000000000
0011111111111000
0011100000001100
0000000000000100
0000000000000000
0000000000000000
0000000000000000
0000000000200000
===
0000000000000000
0000000000000000
0000000000000000
0000000000000000
0000000000000000
0000000000000000
0000000000000000
0011111111111000
0011100000001100
0000000000001100
0000000000000000
0000000000000000
0000000000000000
0000000000200000
===
0000000000000000
0000000000000000
0000000000000000
0000000000000000
0000000000000000
0000000000000000
0000000000000000
0011111111111000
0011000000001100
0000000000001100
0000000000001000
0000000000000000
0000000000000000
0000000000200000
===
0000000000000000
0000000000000000
0000000000000000
0000000000000000
0000000000000000
0000000000000000
0000000000000000
0011111111111000
0010000000001100
0000000000001100
0000000000001000
0000000000001000
0000000000000000
0000000000200000
===
0000000000000000
0000000000000000
0000000000000000
0000000000000000
0000000000000000
0000000000000000
0000000000000000
0011111111111000
0000000000001100
0000000000001100
0000000000001000
0000000000011000
0000000000000000
0000000000200000
===
0000000000000000
0000000000000000
0000000000000000
0000000000000000
0000000000000000
0000000000000000
0000000000000000
0001111111111000
0000000000001100
0000000000001100
0000000000001000
0000000000011000
0000000000010000
0000000000200000
===
0000000000000000
0000000000000000
0000000000000000
0000000000000000
0000000000000000
0000000000000000
0000000000000000
0000111111111000
0000000000001100
0000000000001100
0000000000001000
0000000000011000
0000000000110000
0000000000200000
===
0000000000000000
0000000000000000
0000000000000000
0000000000000000
0000200000000000
0000000000000000
0000000000000000
0000111111111000
0000000000001100
0000000000001100
0000000000001000
0000000000011000
0000000000110000
0000000000100000
===
0000000000000000
0000000000000000
0000000000000000
0000000000000000
0000200000000000
0000000000000000
0000000000000000
0000011111111000
0000000000001100
0000000000001100
0000000000001000
0000000000011000
0000000000110000
0000000001100000
===
0000000000000000
0000000000000000
0000000000000000
0000000000000000
0000200000000000
0000000000000000
0000000000000000
0000001111111000
0000000000001100
0000000000001100
0000000000001000
0000000000011000
0000000001110000
0000000001100000
===
0000000000000000
0000000000000000
0000000000000000
0000000000000000
0000200000000000
0000000000000000
0000000000000000
0000000111111000
0000000000001100
0000000000001100
0000000000001000
0000000001011000
0000000001110000
0000000001100000
===
0000000000000000
0000000000000000
0000000000000000
0000000000000000
0000200000000000
0000000000000000
0000000000000000
0000000011111000
0000000000001100
0000000000001100
0000000001001000
0000000001011000
0000000001110000
0000000001100000
===
0000000000000000
0000000000000000
0000000000000000
0000000000000000
0000200000000000
0000000000000000
0000000000000000
0000000001111000
0000000000001100
0000000001001100
0000000001001000
0000000001011000
0000000001110000
0000000001100000
===
0000000000000000
0000000000000000
0000000000000000
0000000000000000
0000200000000000
0000000000000000
0000000000000000
0000000000111000
0000000001001100
0000000001001100
0000000001001000
0000000001011000
0000000001110000
0000000001100000
===
0000000000000000
0000000000000000
0000000000000000
0000000000000000
0000200000000000
0000000000000000
0000000000000000
0000000001011000
0000000001001100
0000000001001100
0000000001001000
0000000001011000
0000000001110000
0000000001100000
===
0000000000000000
0000000000000000
0000000000000000
0000000000000000
0000200000000000
0000000000000000
0000000001000000
0000000001001000
0000000001001100
0000000001001100
0000000001001000
0000000001011000
0000000001110000
0000000001100000
===
0000000000000000
0000000000000000
0000000000000000
0000000000000000
0000200000000000
0000000000000000
0000000011000000
0000000001000000
0000000001001100
0000000001001100
0000000001001000
0000000001011000
0000000001110000
0000000001100000
===
0000000000000000
0000000000000000
0000000000000000
0000000000000000
0000200000000000
0000000000000000
0000000111000000
0000000001000000
0000000001000100
0000000001001100
0000000001001000
0000000001011000
0000000001110000
0000000001100000
===
0000000000000000
0000000000000000
0000000000000000
0000000000000000
0000200000000000
0000000000000000
0000001111000000
0000000001000000
0000000001000000
0000000001001100
0000000001001000
0000000001011000
0000000001110000
0000000001100000
===
0000000000000000
0000000000000000
0000000000000000
0000000000000000
0000200000000000
0000001000000000
0000001111000000
0000000001000000
0000000001000000
0000000001001000
0000000001001000
0000000001011000
0000000001110000
0000000001100000
===
0000000000000000
0000000000000000
0000000000000000
0000000000000000
0000200000000000
0000011000000000
0000001111000000
0000000001000000
0000000001000000
0000000001000000
0000000001001000
0000000001011000
0000000001110000
0000000001100000
===
0000000000000000
0000000000000000
0000000000000000
0000000000000000
0000210000000000
0000011000000000
0000001111000000
0000000001000000
0000000001000000
0000000001000000
0000000001000000
0000000001011000
0000000001110000
0000000001100000
===
0000000000000000
0000000000000000
0000000000000000
0000000000000000
0000110000000000
0000011000000000
0000001111000000
0000000001000000
0000200001000000
0000000001000000
0000000001010000
0000000001010000
0000000001110000
0000000001100000
===
0000000000000000
0000000000000000
0000000000000000
0000100000000000
0000110000000000
0000011000000000
0000001111000000
0000000001000000
0000200001000000
0000000001000000
0000000001000000
0000000001010000
0000000001110000
0000000001100000
===
0000000000000000
0000000000000000
0000000000000000
0001100000000000
0000110000000000
0000011000000000
0000001111000000
0000000001000000
0000200001000000
0000000001000000
0000000001000000
0000000001000000
0000000001110000
0000000001100000
===
0000000000000000
0000000000000000
0000000000000000
0001100000000000
0001110000000000
0000011000000000
0000001111000000
0000000001000000
0000200001000000
0000000001000000
0000000001000000
0000000001000000
0000000001100000
0000000001100000
===
0000000000000000
0000000000000000
0000000000000000
0001100000000000
0001110000000000
0001011000000000
0000001111000000
0000000001000000
0000200001000000
0000000001000000
0000000001000000
0000000001000000
0000000001000000
0000000001100000
===
0000000000000000
0000000000000000
0000000000000000
0001100000000000
0001110000000000
0001011000000000
0001001111000000
0000000001000000
0000200001000000
0000000001000000
0000000001000000
0000000001000000
0000000001000000
0000000001000000
===
0000000000000000
0000000000000000
0000000000000000
0001100000000000
0001110000000000
0001011000000000
0001001111000000
0001000001000000
0000200001000000
0000000001000000
0000000001000000
0000000001000000
0000000001000000
0000000000000000
===
0000000000000000
0000000000000000
0000000000000000
0001100000000000
0001110000000000
0001011000000000
0001001111000000
0001100001000000
0000200001000000
0000000001000000
0000000001000000
0000000001000000
0000000000000000
0000000000000000
===
0000000000000000
0000000000000000
0000000000000000
0001100000000000
0001110000000000
0001011000000000
0001001111000000
0201100001000000
0000100001000000
0000000001000000
0000000001000000
0000000001000000
0000000000000000
0000000000000000
===
0000000000000000
0000000000000000
0000000000000000
0001100000000000
0001110000000000
0001011000000000
0001001111000000
0201100001000000
0001100001000000
0000000001000000
0000000001000000
0000000000000000
0000000000000000
0000000000000000
===
0000000000000000
0000000000000000
0000000000000000
0001100000000000
0001110000000000
0001011000000000
0001001111000000
0201100001000000
0011100001000000
0000000001000000
0000000000000000
0000000000000000
0000000000000000
0000000000000000
===
0000000000000000
0000000000000000
0000000000000000
0001100000000000
0001110000000000
0001011000000000
0001001111000000
0211100001000000
0011100001000000
0000000000000000
0000000000000000
0000000000000000
0000000000000000
0000000000000000
===
0000000000000000
0000000000000000
2000000000000000
0001100000000000
0001110000000000
0001011000000000
0001001111000000
0111100001000000
0011100001000000
0000000000000000
0000000000000000
0000000000000000
0000000000000000
0000000000000000
===
0000000000000000
0000000000000000
2000000000000000
0001100000000000
0001110000000000
0001011000000000
0101001111000000
0111100001000000
0011100000000000
0000000000000000
0000000000000000
0000000000000000
0000000000000000
0000000000000000
===
0000000000000000
0000000000000000
2000000000000000
0001100000000000
0001110000000000
0101011000000000
0101001111000000
0111100000000000
0011100000000000
0000000000000000
0000000000000000
0000000000000000
0000000000000000
0000000000000000
===
0000000000000000
0000000000000000
2000000000000000
0001100000000000
0101110000000000
0101011000000000
0101001110000000
0111100000000000
0011100000000000
0000000000000000
0000000000000000
0000000000000000
0000000000000000
0000000000000000
===
0000000000000000
0000000000000000
2000000000000000
0101100000000000
0101110000000000
0101011000000000
0101001100000000
0111100000000000
0011100000000000
0000000000000000
0000000000000000
0000000000000000
0000000000000000
0000000000000000
===
0000000000000000
0000000000000000
2100000000000000
0101100000000000
0101110000000000
0101011000000000
0101001000000000
0111100000000000
0011100000000000
0000000000000000
0000000000000000
0000000000000000
0000000000000000
0000000000000000
===
0000000000000000
0000000000000000
1100000000000000
0101100000000000
0101110000000000
0101011000000000
0101000000000000
0111100000200000
0011100000000000
0000000000000000
0000000000000000
0000000000000000
0000000000000000
0000000000000000
===
0000000000000000
1000000000000000
1100000000000000
0101100000000000
0101110000000000
0101011000000000
0101000000000000
0111100000200000
0011100000000000
0000000000000000
0000000000000000
0000000000000000
0000000000000000
0000000000000000
===
0000000000000000
1100000000000000
1100000000000000
0101100000000000
0101110000000000
0101010000000000
0101000000000000
0111100000200000
0011100000000000
0000000000000000
0000000000000000
0000000000000000
0000000000000000
0000000000000000
===
0000000000000000
1110000000000000
1100000000000000
0101100000000000
0101110000000000
0101000000000000
0101000000000000
0111100000200000
0011100000000000
0000000000000000
0000000000000000
0000000000000000
0000000000000000
0000000000000000
===
0000000000000000
1111000000000000
1100000000000000
0101100000000000
0101100000000000
0101000000000000
0101000000000000
0111100000200000
0011100000000000
0000000000000000
0000000000000000
0000000000000000
0000000000000000
0000000000000000
===
0000000000000000
1111100000000000
1100000000000000
0101100000000000
0101000000000000
0101000000000000
0101000000000000
0111100000200000
0011100000000000
0000000000000000
0000000000000000
0000000000000000
0000000000000000
0000000000000000
===
0000000000000000
1111110000000000
1100000000000000
0101000000000000
0101000000000000
0101000000000000
0101000000000000
0111100000200000
0011100000000000
0000000000000000
0000000000000000
0000000000000000
0000000000000000
0000000000000000
===
0000000000000000
1111111000000000
1100000000000000
0100000000000000
0101000000000000
0101000000000000
0101000000000000
0111100000200000
0011100000000000
0000000000000000
0000000000000000
0000000000000000
0000000000000000
0000000000000000
===
0000000000000000
1111111100000000
1100000000000000
0100000000000000
0100000000000000
0101000000000000
0101000000000000
0111100000200000
0011100000000000
0000000000000000
0000000000000000
0000000000000000
0000000000000000
0000000000000000
===
0000000000000000
1111111100000000
1100000100000000
0100000000000000
0100000000000000
0100000000000000
0101000000000000
0111100000200000
0011100000000000
0000000000000000
0000000000000000
0000000000000000
0000000000000000
0000000000000000
===
0000000000000000
1111111100000000
1100000110000000
0100000000000000
0100000000000000
0100000000000000
0100000000000000
0111100000200000
0011100000000000
0000000000000000
0000000000000000
0000000000000000
0000000000000000
0000000000000000
===
0000000000000000
1111111100000000
1100000110000000
0100000010000000
0100000000000000
0100000000000000
0100000000000000
0110100000200000
0011100000000000
0000000000000000
0000000000000000
0000000000000000
0000000000000000
0000000000000000
===
0000000000000000
1111111100000000
1100000110000000
0100000010000000
0100000010000000
0100000000000000
0100000000000000
0110000000200000
0011100000000000
0000000000000000
0000000000000000
0000000000000000
0000000000000000
0000000000000000
===
0000000000000000
1111111100000000
1100000110000000
0100000010000000
0100000010000000
0100000010000000
0100000000000000
0110000000200000
0011000000000000
0000000000000000
0000000000000000
0000000000000000
0000000000000000
0000000000000000
===
0000000000000000
1111111100000000
1100000110000000
0100000010000000
0100000010000000
0100000011000000
0100000000000000
0110000000200000
0010000000000000
0000000000000000
0000000000000000
0000000000000000
0000000000000000
0000000000000000
===
0000000000000000
1111111100000000
1100000110000000
0100000010000000
0100000010000000
0100000011000000
0100000001000000
0110000000200000
0000000000000000
0000000000000000
0000000000000000
0000000000000000
0000000000000000
0000000000000000
===
0000000000000000
1111111100000000
1100000110000000
0100000010000000
0100000010000000
0100000011000000
0100000001100000
0100000000200000
0000000000000000
0000000000000000
0000000000000000
0000000000000000
0000000000000000
0000000000000000
===
0000000000000000
1111111100000000
1100000110000000
0100000010000000
0100000010000000
0100000011000000
0100000001100000
0100000000100000
0000000000000000
0000000000000000
0000000000000000
0000000000000000
0000002000000000
0000000000000000
===
0000000000000000
1111111100000000
1100000110000000
0100000010000000
0100000010000000
0100000011000000
0100000001100000
0000000001100000
0000000000000000
0000000000000000
0000000000000000
0000000000000000
0000002000000000
0000000000000000
===
0000000000000000
1111111100000000
1100000110000000
0100000010000000
0100000010000000
0100000011000000
0000000001100000
0000000011100000
0000000000000000
0000000000000000
0000000000000000
0000000000000000
0000002000000000
0000000000000000
===
0000000000000000
1111111100000000
1100000110000000
0100000010000000
0100000010000000
0000000011000000
0000000001100000
0000000011100000
0000000010000000
0000000000000000
0000000000000000
0000000000000000
0000002000000000
0000000000000000
===
0000000000000000
1111111100000000
1100000110000000
0100000010000000
0000000010000000
0000000011000000
0000000001100000
0000000011100000
0000000010000000
0000000010000000
0000000000000000
0000000000000000
0000002000000000
0000000000000000
===
0000000000000000
1111111100000000
1100000110000000
0000000010000000
0000000010000000
0000000011000000
0000000001100000
0000000011100000
0000000010000000
0000000010000000
0000000010000000
0000000000000000
0000002000000000
0000000000000000
===
0000000000000000
1111111100000000
1000000110000000
0000000010000000
0000000010000000
0000000011000000
0000000001100000
0000000011100000
0000000010000000
0000000010000000
0000000110000000
0000000000000000
0000002000000000
0000000000000000
===
0000000000000000
1111111100000000
0000000110000000
0000000010000000
0000000010000000
0000000011000000
0000000001100000
0000000011100000
0000000010000000
0000000010000000
0000000110000000
0000000100000000
0000002000000000
0000000000000000
===
0000000000000000
0111111100000000
0000000110000000
0000000010000000
0000000010000000
0000000011000000
0000000001100000
0000000011100000
0000000010000000
0000000010000000
0000000110000000
0000001100000000
0000002000000000
0000000000000000
===
0000000000000000
0111111100000000
0000000110000000
0000000010000000
0000000010000000
0000000011000000
0000000001100000
0000000011100000
0000000010002000
0000000010000000
0000000110000000
0000001100000000
0000001000000000
0000000000000000
===
0000000000000000
0011111100000000
0000000110000000
0000000010000000
0000000010000000
0000000011000000
0000000001100000
0000000011100000
0000000010002000
0000000010000000
0000000110000000
0000001100000000
0000011000000000
0000000000000000
===
0000000000000000
0001111100000000
0000000110000000
0000000010000000
0000000010000000
0000000011000000
0000000001100000
0000000011100000
0000000010002000
0000000010000000
0000000110000000
0000011100000000
0000011000000000
0000000000000000
===
0000000000000000
0000111100000000
0000000110000000
0000000010000000
0000000010000000
0000000011000000
0000000001100000
0000000011100000
0000000010002000
0000000010000000
0000010110000000
0000011100000000
0000011000000000
0000000000000000
===
0000000000000000
0000011100000000
0000000110000000
0000000010000000
0000000010000000
0000000011000000
0000000001100000
0000000011100000
0000000010002000
0000000010000000
0000011110000000
0000011100000000
0000011000000000
0000000000000000
===
